#,Time,%Passes,Change,Test,Pass,Partial,Fail,Untested
0,Tue Nov 19 11:06:46 EST 2019,83,83,Assignment5Suite,AddEdgeTest0+ AddEdgeTest3+ AddEdgeTest4+ AddNodeTest0+ AddNodeTest1+ AddNodeTest2+ DelEdgeTest0+ DelEdgeTest1+ DelNodeTest0+ DelNodeTest1+ DelNodeTest2+ NumEdgeTest0+ NumEdgeTest1+ NumNodeTest0+ NumNodeTest1+ , ,AddEdgeTest1- AddEdgeTest2- DelEdgeTest2- , ,
1,Tue Nov 19 11:10:43 EST 2019,83,0,Assignment5Suite,AddEdgeTest0 AddEdgeTest3 AddEdgeTest4 AddNodeTest0 AddNodeTest1 AddNodeTest2 DelEdgeTest0 DelEdgeTest1 DelNodeTest0 DelNodeTest1 DelNodeTest2 NumEdgeTest0 NumEdgeTest1 NumNodeTest0 NumNodeTest1 , ,AddEdgeTest1 AddEdgeTest2 DelEdgeTest2 , ,
2,Tue Nov 19 11:15:21 EST 2019,77,-6,Assignment5Suite,AddEdgeTest0 AddEdgeTest1+ AddEdgeTest4 AddNodeTest0 AddNodeTest1 AddNodeTest2 DelEdgeTest0 DelEdgeTest1 DelNodeTest0 DelNodeTest1 DelNodeTest2 NumEdgeTest1 NumNodeTest0 NumNodeTest1 , ,AddEdgeTest2 AddEdgeTest3- DelEdgeTest2 NumEdgeTest0- , ,
3,Tue Nov 19 11:16:23 EST 2019,83,6,Assignment5Suite,AddEdgeTest0 AddEdgeTest3+ AddEdgeTest4 AddNodeTest0 AddNodeTest1 AddNodeTest2 DelEdgeTest0 DelEdgeTest1 DelNodeTest0 DelNodeTest1 DelNodeTest2 NumEdgeTest0+ NumEdgeTest1 NumNodeTest0 NumNodeTest1 , ,AddEdgeTest1- AddEdgeTest2 DelEdgeTest2 , ,
4,Tue Nov 19 11:18:51 EST 2019,83,0,Assignment5Suite,AddEdgeTest0 AddEdgeTest3 AddEdgeTest4 AddNodeTest0 AddNodeTest1 AddNodeTest2 DelEdgeTest0 DelEdgeTest1 DelNodeTest0 DelNodeTest1 DelNodeTest2 NumEdgeTest0 NumEdgeTest1 NumNodeTest0 NumNodeTest1 , ,AddEdgeTest1 AddEdgeTest2 DelEdgeTest2 , ,
5,Tue Nov 19 17:49:28 EST 2019,66,-17,Assignment5Suite,AddEdgeTest0 AddEdgeTest4 AddNodeTest0 AddNodeTest1 AddNodeTest2 DelEdgeTest0 DelEdgeTest1 DelNodeTest0 DelNodeTest1 DelNodeTest2 NumNodeTest0 NumNodeTest1 , ,AddEdgeTest1 AddEdgeTest2 AddEdgeTest3- DelEdgeTest2 NumEdgeTest0- NumEdgeTest1- , ,
6,Tue Nov 19 17:49:53 EST 2019,77,11,Assignment5Suite,AddEdgeTest0 AddEdgeTest4 AddNodeTest0 AddNodeTest1 AddNodeTest2 DelEdgeTest0 DelEdgeTest1 DelNodeTest0 DelNodeTest1 DelNodeTest2 NumEdgeTest0+ NumEdgeTest1+ NumNodeTest0 NumNodeTest1 , ,AddEdgeTest1 AddEdgeTest2 AddEdgeTest3 DelEdgeTest2 , ,
7,Tue Nov 19 17:50:27 EST 2019,83,6,Assignment5Suite,AddEdgeTest0 AddEdgeTest3+ AddEdgeTest4 AddNodeTest0 AddNodeTest1 AddNodeTest2 DelEdgeTest0 DelEdgeTest1 DelNodeTest0 DelNodeTest1 DelNodeTest2 NumEdgeTest0 NumEdgeTest1 NumNodeTest0 NumNodeTest1 , ,AddEdgeTest1 AddEdgeTest2 DelEdgeTest2 , ,
8,Tue Nov 19 17:52:01 EST 2019,77,-6,Assignment5Suite,AddEdgeTest0 AddEdgeTest4 AddNodeTest0 AddNodeTest1 AddNodeTest2 DelEdgeTest0 DelEdgeTest1 DelNodeTest0 DelNodeTest1 DelNodeTest2 NumEdgeTest0 NumEdgeTest1 NumNodeTest0 NumNodeTest1 , ,AddEdgeTest1 AddEdgeTest2 AddEdgeTest3- DelEdgeTest2 , ,
9,Tue Nov 19 17:52:17 EST 2019,77,0,Assignment5Suite,AddEdgeTest0 AddEdgeTest4 AddNodeTest0 AddNodeTest1 AddNodeTest2 DelEdgeTest0 DelEdgeTest1 DelNodeTest0 DelNodeTest1 DelNodeTest2 NumEdgeTest0 NumEdgeTest1 NumNodeTest0 NumNodeTest1 , ,AddEdgeTest1 AddEdgeTest2 AddEdgeTest3 DelEdgeTest2 , ,
10,Tue Nov 19 17:53:55 EST 2019,83,6,Assignment5Suite,AddEdgeTest0 AddEdgeTest3+ AddEdgeTest4 AddNodeTest0 AddNodeTest1 AddNodeTest2 DelEdgeTest0 DelEdgeTest1 DelNodeTest0 DelNodeTest1 DelNodeTest2 NumEdgeTest0 NumEdgeTest1 NumNodeTest0 NumNodeTest1 , ,AddEdgeTest1 AddEdgeTest2 DelEdgeTest2 , ,
11,Tue Nov 19 17:55:12 EST 2019,72,-11,Assignment5Suite,AddEdgeTest0 AddEdgeTest1+ AddEdgeTest3 AddNodeTest0 AddNodeTest1 AddNodeTest2 DelEdgeTest0 DelEdgeTest1 DelNodeTest0 DelNodeTest1 DelNodeTest2 NumNodeTest0 NumNodeTest1 , ,AddEdgeTest2 AddEdgeTest4- DelEdgeTest2 NumEdgeTest0- NumEdgeTest1- , ,
12,Tue Nov 19 17:55:26 EST 2019,83,11,Assignment5Suite,AddEdgeTest0 AddEdgeTest3 AddEdgeTest4+ AddNodeTest0 AddNodeTest1 AddNodeTest2 DelEdgeTest0 DelEdgeTest1 DelNodeTest0 DelNodeTest1 DelNodeTest2 NumEdgeTest0+ NumEdgeTest1+ NumNodeTest0 NumNodeTest1 , ,AddEdgeTest1- AddEdgeTest2 DelEdgeTest2 , ,
13,Tue Nov 19 17:58:55 EST 2019,77,-6,Assignment5Suite,AddEdgeTest0 AddEdgeTest4 AddNodeTest0 AddNodeTest1 AddNodeTest2 DelEdgeTest0 DelEdgeTest1 DelNodeTest0 DelNodeTest1 DelNodeTest2 NumEdgeTest0 NumEdgeTest1 NumNodeTest0 NumNodeTest1 , ,AddEdgeTest1 AddEdgeTest2 AddEdgeTest3- DelEdgeTest2 , ,
14,Tue Nov 19 17:59:19 EST 2019,83,6,Assignment5Suite,AddEdgeTest0 AddEdgeTest2+ AddEdgeTest4 AddNodeTest0 AddNodeTest1 AddNodeTest2 DelEdgeTest0 DelEdgeTest1 DelNodeTest0 DelNodeTest1 DelNodeTest2 NumEdgeTest0 NumEdgeTest1 NumNodeTest0 NumNodeTest1 , ,AddEdgeTest1 AddEdgeTest3 DelEdgeTest2 , ,
15,Tue Nov 19 18:00:59 EST 2019,83,0,Assignment5Suite,AddEdgeTest0 AddEdgeTest3+ AddEdgeTest4 AddNodeTest0 AddNodeTest1 AddNodeTest2 DelEdgeTest0 DelEdgeTest1 DelNodeTest0 DelNodeTest1 DelNodeTest2 NumEdgeTest0 NumEdgeTest1 NumNodeTest0 NumNodeTest1 , ,AddEdgeTest1 AddEdgeTest2- DelEdgeTest2 , ,
16,Tue Nov 19 18:01:22 EST 2019,77,-6,Assignment5Suite,AddEdgeTest0 AddEdgeTest4 AddNodeTest0 AddNodeTest1 AddNodeTest2 DelEdgeTest0 DelEdgeTest1 DelNodeTest0 DelNodeTest1 DelNodeTest2 NumEdgeTest0 NumEdgeTest1 NumNodeTest0 NumNodeTest1 , ,AddEdgeTest1 AddEdgeTest2 AddEdgeTest3- DelEdgeTest2 , ,
17,Tue Nov 19 18:02:40 EST 2019,88,11,Assignment5Suite,AddEdgeTest0 AddEdgeTest2+ AddEdgeTest3+ AddEdgeTest4 AddNodeTest0 AddNodeTest1 AddNodeTest2 DelEdgeTest0 DelEdgeTest1 DelNodeTest0 DelNodeTest1 DelNodeTest2 NumEdgeTest0 NumEdgeTest1 NumNodeTest0 NumNodeTest1 , ,AddEdgeTest1 DelEdgeTest2 , ,
18,Tue Nov 19 18:05:10 EST 2019,88,0,Assignment5Suite,AddEdgeTest0 AddEdgeTest2 AddEdgeTest3 AddEdgeTest4 AddNodeTest0 AddNodeTest1 AddNodeTest2 DelEdgeTest0 DelEdgeTest1 DelNodeTest0 DelNodeTest1 DelNodeTest2 NumEdgeTest0 NumEdgeTest1 NumNodeTest0 NumNodeTest1 , ,AddEdgeTest1 DelEdgeTest2 , ,
19,Tue Nov 19 18:09:42 EST 2019,88,0,Assignment5Suite,AddEdgeTest0 AddEdgeTest2 AddEdgeTest3 AddEdgeTest4 AddNodeTest0 AddNodeTest1 AddNodeTest2 DelEdgeTest0 DelEdgeTest1 DelNodeTest0 DelNodeTest1 DelNodeTest2 NumEdgeTest0 NumEdgeTest1 NumNodeTest0 NumNodeTest1 , ,AddEdgeTest1 DelEdgeTest2 , ,
20,Tue Nov 19 18:11:19 EST 2019,88,0,Assignment5Suite,AddEdgeTest0 AddEdgeTest2 AddEdgeTest3 AddEdgeTest4 AddNodeTest0 AddNodeTest1 AddNodeTest2 DelEdgeTest0 DelEdgeTest1 DelNodeTest0 DelNodeTest1 DelNodeTest2 NumEdgeTest0 NumEdgeTest1 NumNodeTest0 NumNodeTest1 , ,AddEdgeTest1 DelEdgeTest2 , ,
21,Tue Nov 19 18:12:38 EST 2019,77,-11,Assignment5Suite,AddEdgeTest0 AddEdgeTest1+ AddEdgeTest3 AddNodeTest0 AddNodeTest1 AddNodeTest2 DelEdgeTest0 DelEdgeTest1 DelNodeTest0 DelNodeTest1 DelNodeTest2 NumEdgeTest1 NumNodeTest0 NumNodeTest1 , ,AddEdgeTest2- AddEdgeTest4- DelEdgeTest2 NumEdgeTest0- , ,
22,Tue Nov 19 18:12:52 EST 2019,88,11,Assignment5Suite,AddEdgeTest0 AddEdgeTest2+ AddEdgeTest3 AddEdgeTest4+ AddNodeTest0 AddNodeTest1 AddNodeTest2 DelEdgeTest0 DelEdgeTest1 DelNodeTest0 DelNodeTest1 DelNodeTest2 NumEdgeTest0+ NumEdgeTest1 NumNodeTest0 NumNodeTest1 , ,AddEdgeTest1- DelEdgeTest2 , ,
23,Tue Nov 19 18:13:56 EST 2019,88,0,Assignment5Suite,AddEdgeTest0 AddEdgeTest2 AddEdgeTest3 AddEdgeTest4 AddNodeTest0 AddNodeTest1 AddNodeTest2 DelEdgeTest0 DelEdgeTest1 DelNodeTest0 DelNodeTest1 DelNodeTest2 NumEdgeTest0 NumEdgeTest1 NumNodeTest0 NumNodeTest1 , ,AddEdgeTest1 DelEdgeTest2 , ,
24,Tue Nov 19 18:16:15 EST 2019,88,0,Assignment5Suite,AddEdgeTest0 AddEdgeTest2 AddEdgeTest3 AddEdgeTest4 AddNodeTest0 AddNodeTest1 AddNodeTest2 DelEdgeTest0 DelEdgeTest1 DelNodeTest0 DelNodeTest1 DelNodeTest2 NumEdgeTest0 NumEdgeTest1 NumNodeTest0 NumNodeTest1 , ,AddEdgeTest1 DelEdgeTest2 , ,
25,Tue Nov 19 18:17:21 EST 2019,88,0,Assignment5Suite,AddEdgeTest0 AddEdgeTest2 AddEdgeTest3 AddEdgeTest4 AddNodeTest0 AddNodeTest1 AddNodeTest2 DelEdgeTest0 DelEdgeTest1 DelNodeTest0 DelNodeTest1 DelNodeTest2 NumEdgeTest0 NumEdgeTest1 NumNodeTest0 NumNodeTest1 , ,AddEdgeTest1 DelEdgeTest2 , ,
26,Tue Nov 19 18:19:27 EST 2019,88,0,Assignment5Suite,AddEdgeTest0 AddEdgeTest2 AddEdgeTest3 AddEdgeTest4 AddNodeTest0 AddNodeTest1 AddNodeTest2 DelEdgeTest0 DelEdgeTest1 DelNodeTest0 DelNodeTest1 DelNodeTest2 NumEdgeTest0 NumEdgeTest1 NumNodeTest0 NumNodeTest1 , ,AddEdgeTest1 DelEdgeTest2 , ,
27,Tue Nov 19 19:00:39 EST 2019,88,0,Assignment5Suite,AddEdgeTest0 AddEdgeTest2 AddEdgeTest3 AddEdgeTest4 AddNodeTest0 AddNodeTest1 AddNodeTest2 DelEdgeTest0 DelEdgeTest1 DelNodeTest0 DelNodeTest1 DelNodeTest2 NumEdgeTest0 NumEdgeTest1 NumNodeTest0 NumNodeTest1 , ,AddEdgeTest1 DelEdgeTest2 , ,
28,Tue Nov 19 19:04:04 EST 2019,77,-11,Assignment5Suite,AddEdgeTest0 AddEdgeTest2 AddEdgeTest3 AddEdgeTest4 AddNodeTest0 AddNodeTest1 AddNodeTest2 DelEdgeTest1 DelNodeTest0 DelNodeTest1 DelNodeTest2 NumEdgeTest0 NumNodeTest0 NumNodeTest1 , ,AddEdgeTest1 DelEdgeTest0- DelEdgeTest2 NumEdgeTest1- , ,
29,Tue Nov 19 19:05:31 EST 2019,88,11,Assignment5Suite,AddEdgeTest0 AddEdgeTest2 AddEdgeTest3 AddEdgeTest4 AddNodeTest0 AddNodeTest1 AddNodeTest2 DelEdgeTest0+ DelEdgeTest1 DelNodeTest0 DelNodeTest1 DelNodeTest2 NumEdgeTest0 NumEdgeTest1+ NumNodeTest0 NumNodeTest1 , ,AddEdgeTest1 DelEdgeTest2 , ,
30,Tue Nov 19 19:18:21 EST 2019,94,6,Assignment5Suite,AddEdgeTest0 AddEdgeTest1+ AddEdgeTest2 AddEdgeTest3 AddEdgeTest4 AddNodeTest0 AddNodeTest1 AddNodeTest2 DelEdgeTest0 DelEdgeTest1 DelNodeTest0 DelNodeTest1 DelNodeTest2 NumEdgeTest0 NumEdgeTest1 NumNodeTest0 NumNodeTest1 , ,DelEdgeTest2 , ,
31,Tue Nov 19 19:19:41 EST 2019,83,-11,Assignment5Suite,AddEdgeTest0 AddEdgeTest1 AddEdgeTest2 AddEdgeTest3 AddEdgeTest4 AddNodeTest0 AddNodeTest1 AddNodeTest2 DelEdgeTest1 DelNodeTest0 DelNodeTest1 DelNodeTest2 NumEdgeTest0 NumNodeTest0 NumNodeTest1 , ,DelEdgeTest0- DelEdgeTest2 NumEdgeTest1- , ,
32,Tue Nov 19 19:19:54 EST 2019,94,11,Assignment5Suite,AddEdgeTest0 AddEdgeTest1 AddEdgeTest2 AddEdgeTest3 AddEdgeTest4 AddNodeTest0 AddNodeTest1 AddNodeTest2 DelEdgeTest0+ DelEdgeTest1 DelNodeTest0 DelNodeTest1 DelNodeTest2 NumEdgeTest0 NumEdgeTest1+ NumNodeTest0 NumNodeTest1 , ,DelEdgeTest2 , ,
33,Tue Nov 19 19:20:35 EST 2019,83,-11,Assignment5Suite,AddEdgeTest0 AddEdgeTest1 AddEdgeTest2 AddEdgeTest3 AddEdgeTest4 AddNodeTest0 AddNodeTest1 AddNodeTest2 DelEdgeTest1 DelNodeTest0 DelNodeTest1 DelNodeTest2 NumEdgeTest0 NumNodeTest0 NumNodeTest1 , ,DelEdgeTest0- DelEdgeTest2 NumEdgeTest1- , ,
34,Tue Nov 19 19:20:43 EST 2019,83,0,Assignment5Suite,AddEdgeTest0 AddEdgeTest1 AddEdgeTest2 AddEdgeTest3 AddEdgeTest4 AddNodeTest0 AddNodeTest1 AddNodeTest2 DelEdgeTest1 DelNodeTest0 DelNodeTest1 DelNodeTest2 NumEdgeTest0 NumNodeTest0 NumNodeTest1 , ,DelEdgeTest0 DelEdgeTest2 NumEdgeTest1 , ,
35,Tue Nov 19 19:20:56 EST 2019,94,11,Assignment5Suite,AddEdgeTest0 AddEdgeTest1 AddEdgeTest2 AddEdgeTest3 AddEdgeTest4 AddNodeTest0 AddNodeTest1 AddNodeTest2 DelEdgeTest0+ DelEdgeTest1 DelNodeTest0 DelNodeTest1 DelNodeTest2 NumEdgeTest0 NumEdgeTest1+ NumNodeTest0 NumNodeTest1 , ,DelEdgeTest2 , ,
36,Tue Nov 19 19:49:43 EST 2019,83,-11,Assignment5Suite,AddEdgeTest0 AddEdgeTest1 AddEdgeTest2 AddEdgeTest3 AddEdgeTest4 AddNodeTest0 AddNodeTest1 AddNodeTest2 DelEdgeTest1 DelNodeTest0 DelNodeTest1 DelNodeTest2 NumEdgeTest0 NumNodeTest0 NumNodeTest1 , ,DelEdgeTest0- DelEdgeTest2 NumEdgeTest1- , ,
37,Tue Nov 19 19:50:18 EST 2019,83,0,Assignment5Suite,AddEdgeTest0 AddEdgeTest1 AddEdgeTest2 AddEdgeTest3 AddEdgeTest4 AddNodeTest0 AddNodeTest1 AddNodeTest2 DelEdgeTest1 DelNodeTest0 DelNodeTest1 DelNodeTest2 NumEdgeTest0 NumNodeTest0 NumNodeTest1 , ,DelEdgeTest0 DelEdgeTest2 NumEdgeTest1 , ,
38,Tue Nov 19 19:50:45 EST 2019,83,0,Assignment5Suite,AddEdgeTest0 AddEdgeTest1 AddEdgeTest2 AddEdgeTest3 AddEdgeTest4 AddNodeTest0 AddNodeTest1 AddNodeTest2 DelEdgeTest1 DelNodeTest0 DelNodeTest1 DelNodeTest2 NumEdgeTest0 NumNodeTest0 NumNodeTest1 , ,DelEdgeTest0 DelEdgeTest2 NumEdgeTest1 , ,
39,Tue Nov 19 19:51:39 EST 2019,94,11,Assignment5Suite,AddEdgeTest0 AddEdgeTest1 AddEdgeTest2 AddEdgeTest3 AddEdgeTest4 AddNodeTest0 AddNodeTest1 AddNodeTest2 DelEdgeTest0+ DelEdgeTest1 DelNodeTest0 DelNodeTest1 DelNodeTest2 NumEdgeTest0 NumEdgeTest1+ NumNodeTest0 NumNodeTest1 , ,DelEdgeTest2 , ,
40,Tue Nov 19 19:52:27 EST 2019,83,-11,Assignment5Suite,AddEdgeTest0 AddEdgeTest1 AddEdgeTest2 AddEdgeTest3 AddEdgeTest4 AddNodeTest0 AddNodeTest1 AddNodeTest2 DelEdgeTest1 DelNodeTest0 DelNodeTest1 DelNodeTest2 NumEdgeTest0 NumNodeTest0 NumNodeTest1 , ,DelEdgeTest0- DelEdgeTest2 NumEdgeTest1- , ,
41,Tue Nov 19 19:53:06 EST 2019,83,0,Assignment5Suite,AddEdgeTest0 AddEdgeTest1 AddEdgeTest2 AddEdgeTest3 AddEdgeTest4 AddNodeTest0 AddNodeTest1 AddNodeTest2 DelEdgeTest1 DelNodeTest0 DelNodeTest1 DelNodeTest2 NumEdgeTest0 NumNodeTest0 NumNodeTest1 , ,DelEdgeTest0 DelEdgeTest2 NumEdgeTest1 , ,
42,Tue Nov 19 19:56:07 EST 2019,83,0,Assignment5Suite,AddEdgeTest0 AddEdgeTest1 AddEdgeTest2 AddEdgeTest3 AddEdgeTest4 AddNodeTest0 AddNodeTest1 AddNodeTest2 DelEdgeTest1 DelNodeTest0 DelNodeTest1 DelNodeTest2 NumEdgeTest0 NumNodeTest0 NumNodeTest1 , ,DelEdgeTest0 DelEdgeTest2 NumEdgeTest1 , ,
43,Tue Nov 19 20:02:41 EST 2019,94,11,Assignment5Suite,AddEdgeTest0 AddEdgeTest1 AddEdgeTest2 AddEdgeTest3 AddEdgeTest4 AddNodeTest0 AddNodeTest1 AddNodeTest2 DelEdgeTest0+ DelEdgeTest1 DelNodeTest0 DelNodeTest1 DelNodeTest2 NumEdgeTest0 NumEdgeTest1+ NumNodeTest0 NumNodeTest1 , ,DelEdgeTest2 , ,
44,Tue Nov 19 20:05:49 EST 2019,100,6,Assignment5Suite,AddEdgeTest0 AddEdgeTest1 AddEdgeTest2 AddEdgeTest3 AddEdgeTest4 AddNodeTest0 AddNodeTest1 AddNodeTest2 DelEdgeTest0 DelEdgeTest1 DelEdgeTest2+ DelNodeTest0 DelNodeTest1 DelNodeTest2 NumEdgeTest0 NumEdgeTest1 NumNodeTest0 NumNodeTest1 , , , ,
45,Wed Nov 20 09:32:22 EST 2019,75,0,Assignment5Suite,AddEdgeTest0 AddEdgeTest1 AddEdgeTest2 AddEdgeTest3 AddEdgeTest4 AddNodeTest0 AddNodeTest1 AddNodeTest2 DelEdgeTest0 DelEdgeTest1 DelEdgeTest2 DelNodeTest0 DelNodeTest1 DelNodeTest2 NumEdgeTest0 NumEdgeTest1 NumNodeTest0 NumNodeTest1 , ,ShortestPathTest0- ShortestPathTest1- ShortestPathTest2- ShortestPathTest3- ShortestPathTest4- ShortestPathTest5- , ,
46,Wed Nov 20 19:11:15 EST 2019,75,0,Assignment5Suite,AddEdgeTest0 AddEdgeTest1 AddEdgeTest2 AddEdgeTest3 AddEdgeTest4 AddNodeTest0 AddNodeTest1 AddNodeTest2 DelEdgeTest0 DelEdgeTest1 DelEdgeTest2 DelNodeTest0 DelNodeTest1 DelNodeTest2 NumEdgeTest0 NumEdgeTest1 NumNodeTest0 NumNodeTest1 , ,ShortestPathTest0 ShortestPathTest1 ShortestPathTest2 ShortestPathTest3 ShortestPathTest4 ShortestPathTest5 , ,
47,Wed Nov 20 19:34:15 EST 2019,75,0,Assignment5Suite,AddEdgeTest0 AddEdgeTest1 AddEdgeTest2 AddEdgeTest3 AddEdgeTest4 AddNodeTest0 AddNodeTest1 AddNodeTest2 DelEdgeTest0 DelEdgeTest1 DelEdgeTest2 DelNodeTest0 DelNodeTest1 DelNodeTest2 NumEdgeTest0 NumEdgeTest1 NumNodeTest0 NumNodeTest1 , ,ShortestPathTest0 ShortestPathTest1 ShortestPathTest2 ShortestPathTest3 ShortestPathTest4 ShortestPathTest5 , ,
48,Wed Nov 20 19:36:23 EST 2019,75,0,Assignment5Suite,AddEdgeTest0 AddEdgeTest1 AddEdgeTest2 AddEdgeTest3 AddEdgeTest4 AddNodeTest0 AddNodeTest1 AddNodeTest2 DelEdgeTest0 DelEdgeTest1 DelEdgeTest2 DelNodeTest0 DelNodeTest1 DelNodeTest2 NumEdgeTest0 NumEdgeTest1 NumNodeTest0 NumNodeTest1 , ,ShortestPathTest0 ShortestPathTest1 ShortestPathTest2 ShortestPathTest3 ShortestPathTest4 ShortestPathTest5 , ,
49,Fri Nov 22 15:11:50 EST 2019,95,20,Assignment5Suite,AddEdgeTest0 AddEdgeTest1 AddEdgeTest2 AddEdgeTest3 AddEdgeTest4 AddNodeTest0 AddNodeTest1 AddNodeTest2 DelEdgeTest0 DelEdgeTest1 DelEdgeTest2 DelNodeTest0 DelNodeTest1 DelNodeTest2 NumEdgeTest0 NumEdgeTest1 NumNodeTest0 NumNodeTest1 ShortestPathTest0+ ShortestPathTest1+ ShortestPathTest2+ ShortestPathTest3+ ShortestPathTest5+ , ,ShortestPathTest4 , ,
50,Fri Nov 22 15:22:26 EST 2019,95,0,Assignment5Suite,AddEdgeTest0 AddEdgeTest1 AddEdgeTest2 AddEdgeTest3 AddEdgeTest4 AddNodeTest0 AddNodeTest1 AddNodeTest2 DelEdgeTest0 DelEdgeTest1 DelEdgeTest2 DelNodeTest0 DelNodeTest1 DelNodeTest2 NumEdgeTest0 NumEdgeTest1 NumNodeTest0 NumNodeTest1 ShortestPathTest0 ShortestPathTest1 ShortestPathTest2 ShortestPathTest3 ShortestPathTest5 , ,ShortestPathTest4 , ,
51,Fri Nov 22 15:52:54 EST 2019,95,0,Assignment5Suite,AddEdgeTest0 AddEdgeTest1 AddEdgeTest2 AddEdgeTest3 AddEdgeTest4 AddNodeTest0 AddNodeTest1 AddNodeTest2 DelEdgeTest0 DelEdgeTest1 DelEdgeTest2 DelNodeTest0 DelNodeTest1 DelNodeTest2 NumEdgeTest0 NumEdgeTest1 NumNodeTest0 NumNodeTest1 ShortestPathTest0 ShortestPathTest1 ShortestPathTest2 ShortestPathTest3 ShortestPathTest5 , ,ShortestPathTest4 , ,
52,Fri Nov 22 15:57:53 EST 2019,100,5,Assignment5Suite,AddEdgeTest0 AddEdgeTest1 AddEdgeTest2 AddEdgeTest3 AddEdgeTest4 AddNodeTest0 AddNodeTest1 AddNodeTest2 DelEdgeTest0 DelEdgeTest1 DelEdgeTest2 DelNodeTest0 DelNodeTest1 DelNodeTest2 NumEdgeTest0 NumEdgeTest1 NumNodeTest0 NumNodeTest1 ShortestPathTest0 ShortestPathTest1 ShortestPathTest2 ShortestPathTest3 ShortestPathTest4+ ShortestPathTest5 , , , ,
53,Fri Nov 22 16:01:49 EST 2019,100,0,Assignment5Suite,AddEdgeTest0 AddEdgeTest1 AddEdgeTest2 AddEdgeTest3 AddEdgeTest4 AddNodeTest0 AddNodeTest1 AddNodeTest2 DelEdgeTest0 DelEdgeTest1 DelEdgeTest2 DelNodeTest0 DelNodeTest1 DelNodeTest2 NumEdgeTest0 NumEdgeTest1 NumNodeTest0 NumNodeTest1 ShortestPathTest0 ShortestPathTest1 ShortestPathTest2 ShortestPathTest3 ShortestPathTest4 ShortestPathTest5 , , , ,
54,Sat Nov 23 10:52:25 EST 2019,100,0,Assignment5Suite,AddEdgeTest0 AddEdgeTest1 AddEdgeTest2 AddEdgeTest3 AddEdgeTest4 AddNodeTest0 AddNodeTest1 AddNodeTest2 DelEdgeTest0 DelEdgeTest1 DelEdgeTest2 DelNodeTest0 DelNodeTest1 DelNodeTest2 NumEdgeTest0 NumEdgeTest1 NumNodeTest0 NumNodeTest1 ShortestPathTest0 ShortestPathTest1 ShortestPathTest2 ShortestPathTest3 ShortestPathTest4 ShortestPathTest5 , , , ,
